#################################################################
#APDM Input Graph, this input graph includes 4 sections:
#section1 : general information
#section2 : nodes
#section3 : edgesObservations
#section4 : edgesOmega
#
#if nodes haven't information set obs to null
#################################################################
SECTION1 (General Information)
numNodes = 25
numEdges = 40
dataSource = SimulationDataGrid
END
#################################################################
SECTION2 (Nodes Information)
NodeID
1
2
3
4
5
6
7
8
9
10
11
12
13
14
15
16
17
18
19
20
21
22
23
24
25
END
#################################################################
SECTION3 (Edges Observations Information)
Endpoint0 Endpoint1 ob1 ob2 ob3 ob4 ob5 ob6 ob7 ob8 ob9 ob10 
1 2 1 0 0 1 0 0 1 0 1 0 
2 3 1 1 1 1 1 1 1 1 1 0 
3 4 1 1 1 1 1 1 1 1 0 1 
4 5 0 1 0 0 0 0 1 0 0 1 
6 7 0 1 0 0 0 0 1 0 0 0 
7 8 1 0 1 1 1 0 0 1 1 1 
8 9 1 0 1 1 1 1 1 1 1 1 
9 10 0 0 0 0 0 0 1 0 0 0 
11 12 0 1 1 0 0 0 0 0 0 0 
12 13 1 1 1 1 0 0 1 1 1 0 
13 14 1 1 1 1 1 0 1 1 1 1 
14 15 1 0 0 0 1 1 0 0 0 0 
16 17 0 0 0 0 0 0 1 0 1 0 
17 18 0 1 0 0 0 0 1 0 0 0 
18 19 1 0 0 0 0 1 0 0 0 0 
19 20 0 0 0 0 0 0 0 0 0 0 
21 22 1 0 1 0 1 0 0 0 0 0 
22 23 0 0 1 0 0 1 0 0 0 1 
23 24 0 0 0 0 0 0 0 1 0 0 
24 25 1 1 0 0 0 1 0 0 0 0 
1 6 0 0 0 0 1 0 0 0 0 0 
6 11 0 0 0 1 1 0 0 0 0 0 
11 16 0 0 0 0 0 0 0 0 0 1 
16 21 0 0 0 0 0 0 0 0 0 0 
2 7 1 1 0 1 1 1 1 1 0 1 
7 12 0 0 1 0 1 1 0 1 1 1 
12 17 0 0 0 0 0 1 0 1 0 1 
17 22 1 0 1 0 0 0 0 0 1 0 
3 8 1 1 1 1 1 1 1 0 0 0 
8 13 1 1 1 1 1 1 1 0 1 0 
13 18 0 0 0 0 0 0 1 0 0 0 
18 23 0 0 0 0 0 0 0 0 0 0 
4 9 0 1 1 1 1 1 0 1 0 1 
9 14 0 1 0 0 0 0 1 0 1 1 
14 19 0 0 0 1 0 1 0 0 1 0 
19 24 1 1 0 0 0 0 0 0 0 0 
5 10 0 0 0 0 0 1 1 0 0 0 
10 15 0 0 0 0 0 0 0 1 0 0 
15 20 0 1 0 0 1 1 0 0 0 1 
20 25 0 0 0 0 0 1 0 0 0 0 
END
#################################################################
SECTION4 (Edges Omega Information)
Endpoint0 Endpoint1 alpha beta
1 2 1 4 
2 3 3 1 
3 4 3 1 
4 5 1 4 
6 7 1 4 
7 8 3 1 
8 9 3 1 
9 10 1 4 
11 12 1 4 
12 13 3 1 
13 14 3 1 
14 15 1 4 
16 17 1 4 
17 18 1 4 
18 19 1 4 
19 20 1 4 
21 22 1 4 
22 23 1 4 
23 24 1 4 
24 25 1 4 
1 6 1 4 
6 11 1 4 
11 16 1 4 
16 21 1 4 
2 7 3 1 
7 12 3 1 
12 17 1 4 
17 22 1 4 
3 8 3 1 
8 13 3 1 
13 18 1 4 
18 23 1 4 
4 9 3 1 
9 14 3 1 
14 19 1 4 
19 24 1 4 
5 10 1 4 
10 15 1 4 
15 20 1 4 
20 25 1 4 
END
#################################################################
